toyN.txt
Degree of nodes:
1 ----> 4
2 ----> 3
3 ----> 2
4 ----> 4
5 ----> 4
6 ----> 1
7 ----> 2
8 ----> 2
The average degree of graph is :2.75
The average path length :2.107142857142857
Eccentricity of each node: 
1 ----> [0. 1. 1. 1. 1. 2. 2. 2.]
2 ----> [1. 0. 2. 2. 1. 1. 4. 2.]
3 ----> [1. 2. 0. 1. 2. 3. 2. 4.]
4 ----> [1. 2. 1. 0. 1. 3. 1. 2.]
5 ----> [1. 1. 2. 1. 0. 2. 2. 1.]
6 ----> [2. 1. 3. 3. 2. 0. 7. 5.]
7 ----> [2. 4. 2. 1. 2. 7. 0. 1.]
8 ----> [2. 2. 4. 2. 1. 5. 1. 0.]
The radius of the graph is: 1
The diameter of the graph is :7
Degree distribution: 
0 1 2 3 4 
1 3 1 3 
0.125 0.375 0.125 0.375 
Cluster Coefficient of each node:
1 ----> 0.5
2 ----> 0.3333333333333333
3 ----> 1.0
4 ----> 0.3333333333333333
5 ----> 0.3333333333333333
6 ----> 0
7 ----> 0.0
8 ----> 0.0
The Clustering Coefficient of the graph is: 0.3125
HcNetwork.txt
HcNetwork.txt
HcNetwork.txt
HprdNetwork.txt
karate.txt
karate.txt
karate.txt
Degree of nodes:
1 ----> 16
2 ----> 9
3 ----> 10
4 ----> 6
5 ----> 3
6 ----> 4
7 ----> 4
8 ----> 4
9 ----> 5
10 ----> 2
11 ----> 3
12 ----> 1
13 ----> 2
14 ----> 5
15 ----> 2
16 ----> 2
17 ----> 2
18 ----> 2
19 ----> 2
20 ----> 3
21 ----> 2
22 ----> 2
23 ----> 2
24 ----> 5
25 ----> 3
26 ----> 3
27 ----> 2
28 ----> 4
29 ----> 3
30 ----> 4
31 ----> 4
32 ----> 6
33 ----> 12
34 ----> 17
The average degree of graph is :4.588235294117647
The average path length :6.565062388591801
Eccentricity of each node: 
1 ----> [0. 1. 1. 1. 1. 1. 1. 1. 1. 2. 1. 1. 1. 1. 4. 4. 2. 1. 4. 1. 4. 1. 4. 8.
 4. 4. 6. 2. 2. 8. 2. 1. 2. 2.]
2 ----> [1. 0. 1. 1. 2. 2. 2. 1. 2. 2. 2. 2. 2. 1. 4. 4. 4. 1. 4. 1. 4. 1. 4. 9.
 6. 9. 8. 2. 2. 8. 1. 2. 2. 4.]
3 ----> [1. 1. 0. 1. 2. 2. 2. 1. 1. 1. 2. 2. 2. 1. 2. 2. 4. 2. 2. 2. 2. 2. 2. 3.
 3. 5. 5. 1. 1. 4. 2. 2. 1. 2.]
4 ----> [1. 1. 1. 0. 2. 2. 2. 1. 2. 2. 2. 2. 1. 1. 4. 4. 4. 2. 4. 2. 4. 2. 4. 9.
 6. 9. 8. 2. 2. 8. 2. 2. 2. 4.]
5 ----> [ 1.  2.  2.  2.  0.  2.  1.  2.  2.  4.  1.  2.  2.  2. 20. 20.  3.  2.
 20.  2. 20.  2. 20. 22.  8.  9. 21.  6.  5. 22.  6.  2. 14. 19.]
6 ----> [ 1.  2.  2.  2.  2.  0.  1.  2.  2.  4.  1.  2.  2.  2. 20. 20.  1.  2.
 20.  2. 20.  2. 20. 22.  8.  9. 21.  6.  5. 22.  6.  2. 14. 19.]
7 ----> [ 1.  2.  2.  2.  1.  1.  0.  2.  2.  4.  2.  2.  2.  2. 20. 20.  1.  2.
 20.  2. 20.  2. 20. 22.  8.  9. 21.  6.  5. 22.  6.  2. 14. 19.]
8 ----> [ 1.  1.  1.  1.  2.  2.  2.  0.  2.  2.  2.  2.  2.  2.  4.  4.  4.  2.
  4.  2.  4.  2.  4.  9.  6.  9. 20.  2.  2.  8.  2.  2.  2. 19.]
9 ----> [1. 2. 1. 2. 2. 2. 2. 2. 0. 2. 2. 2. 2. 2. 2. 2. 4. 2. 2. 2. 2. 2. 2. 5.
 6. 7. 3. 2. 2. 4. 1. 2. 1. 1.]
10 ----> [2. 2. 1. 2. 4. 4. 4. 2. 2. 0. 6. 4. 5. 4. 3. 3. 8. 4. 3. 4. 3. 4. 3. 6.
 6. 8. 3. 2. 2. 5. 5. 7. 2. 1.]
11 ----> [ 1.  2.  2.  2.  1.  1.  2.  2.  2.  6.  0.  2.  2.  2. 20. 20.  2.  2.
 20.  2. 20.  2. 20. 22.  8.  9. 21.  6.  5. 22.  6.  2. 14. 19.]
12 ----> [ 1.  2.  2.  2.  2.  2.  2.  2.  2.  4.  2.  0.  2.  2. 20. 20.  4.  2.
 20.  2. 20.  2. 20. 22.  8.  9. 21.  6.  5. 22.  6.  2. 14. 19.]
13 ----> [ 1.  2.  2.  1.  2.  2.  2.  2.  2.  5.  2.  2.  0.  2. 20. 20.  4.  2.
 20.  2. 20.  2. 20. 22.  8.  9. 21.  6.  5. 22.  6.  2. 14. 19.]
14 ----> [1. 1. 1. 1. 2. 2. 2. 2. 2. 4. 2. 2. 2. 0. 3. 3. 4. 2. 3. 2. 3. 2. 3. 6.
 6. 8. 3. 2. 2. 5. 2. 2. 2. 1.]
15 ----> [ 4.  4.  2.  4. 20. 20. 20.  4.  2.  3. 20. 20. 20.  3.  0.  2. 23. 22.
  2.  4.  2. 22.  2.  5.  7.  7.  3.  5.  4.  4.  4.  6.  1.  1.]
16 ----> [ 4.  4.  2.  4. 20. 20. 20.  4.  2.  3. 20. 20. 20.  3.  2.  0. 23. 22.
  2.  4.  2. 22.  2.  5.  7.  7.  3.  5.  4.  4.  4.  6.  1.  1.]
17 ----> [ 2.  4.  4.  4.  3.  1.  1.  4.  4.  8.  2.  4.  4.  4. 23. 23.  0.  7.
 27.  8. 27.  7. 27. 27. 27. 26. 27. 27. 27. 27. 27. 12. 27. 26.]
18 ----> [ 1.  1.  2.  2.  2.  2.  2.  2.  2.  4.  2.  2.  2.  2. 22. 22.  7.  0.
 20.  2. 20.  2. 20. 22.  8.  9. 21.  6.  5. 22.  2.  2. 14. 19.]
19 ----> [ 4.  4.  2.  4. 20. 20. 20.  4.  2.  3. 20. 20. 20.  3.  2.  2. 27. 20.
  0.  4.  2. 22.  2.  5.  7.  7.  3.  5.  4.  4.  4.  6.  1.  1.]
20 ----> [ 1.  1.  2.  2.  2.  2.  2.  2.  2.  4.  2.  2.  2.  2.  4.  4.  8.  2.
  4.  0.  3.  2.  3.  6.  7.  8.  3.  5.  4.  5.  2.  2. 13.  1.]
21 ----> [ 4.  4.  2.  4. 20. 20. 20.  4.  2.  3. 20. 20. 20.  3.  2.  2. 27. 20.
  2.  3.  0. 22.  2.  5.  7.  7.  3.  5.  4.  4.  4.  6.  1.  1.]
22 ----> [ 1.  1.  2.  2.  2.  2.  2.  2.  2.  4.  2.  2.  2.  2. 22. 22.  7.  2.
 22.  2. 22.  0. 20. 22.  8.  9. 21.  6.  5. 22.  2.  2. 14. 19.]
23 ----> [ 4.  4.  2.  4. 20. 20. 20.  4.  2.  3. 20. 20. 20.  3.  2.  2. 27. 20.
  2.  3.  2. 20.  0.  5.  7.  7.  3.  5.  4.  4.  4.  6.  1.  1.]
24 ----> [ 8.  9.  3.  9. 22. 22. 22.  9.  5.  6. 22. 22. 22.  6.  5.  5. 27. 22.
  5.  6.  5. 22.  5.  0.  2.  1.  2.  1.  4.  1.  4.  4.  1.  1.]
25 ----> [ 4.  6.  3.  6.  8.  8.  8.  6.  6.  6.  8.  8.  8.  6.  7.  7. 27.  8.
  7.  7.  7.  8.  7.  2.  0.  1. 15.  1.  3.  6. 21.  1. 12. 13.]
26 ----> [ 4.  9.  5.  9.  9.  9.  9.  9.  7.  8.  9.  9.  9.  8.  7.  7. 26.  9.
  7.  8.  7.  9.  7.  1.  1.  0.  4.  3.  3.  2. 19.  1.  9. 11.]
27 ----> [ 6.  8.  5.  8. 21. 21. 21. 20.  3.  3. 21. 21. 21.  3.  3.  3. 27. 21.
  3.  3.  3. 21.  3.  2. 15.  4.  0.  5.  4.  1.  5.  7. 10.  1.]
28 ----> [ 2.  2.  1.  2.  6.  6.  6.  2.  2.  2.  6.  6.  6.  2.  5.  5. 27.  6.
  5.  5.  5.  6.  5.  1.  1.  3.  5.  0.  2.  2.  5.  3.  2.  1.]
29 ----> [ 2.  2.  1.  2.  5.  5.  5.  2.  2.  2.  5.  5.  5.  2.  4.  4. 27.  5.
  4.  4.  4.  5.  4.  4.  3.  3.  4.  2.  0.  5.  5.  1.  2.  1.]
30 ----> [ 8.  8.  4.  8. 22. 22. 22.  8.  4.  5. 22. 22. 22.  5.  4.  4. 27. 22.
  4.  5.  4. 22.  4.  1.  6.  2.  1.  2.  5.  0.  4.  6.  1.  1.]
31 ----> [ 2.  1.  2.  2.  6.  6.  6.  2.  1.  5.  6.  6.  6.  2.  4.  4. 27.  2.
  4.  2.  4.  2.  4.  4. 21. 19.  5.  5.  5.  4.  0.  6.  1.  1.]
32 ----> [ 1.  2.  2.  2.  2.  2.  2.  2.  2.  7.  2.  2.  2.  2.  6.  6. 12.  2.
  6.  2.  6.  2.  6.  4.  1.  1.  7.  3.  1.  6.  6.  0.  1.  1.]
33 ----> [ 2.  2.  1.  2. 14. 14. 14.  2.  1.  2. 14. 14. 14.  2.  1.  1. 27. 14.
  1. 13.  1. 14.  1.  1. 12.  9. 10.  2.  2.  1.  1.  1.  0.  1.]
34 ----> [ 2.  4.  2.  4. 19. 19. 19. 19.  1.  1. 19. 19. 19.  1.  1.  1. 26. 19.
  1.  1.  1. 19.  1.  1. 13. 11.  1.  1.  1.  1.  1.  1.  1.  0.]
The radius of the graph is: 1
The diameter of the graph is :27
Degree distribution: 
0 1 2 3 4 5 6 7 8 9 10 11 12 13 14 15 16 17 
1 11 6 6 3 2 0 0 1 1 0 1 0 0 0 1 1 
0.029411764705882353 0.3235294117647059 0.17647058823529413 0.17647058823529413 0.08823529411764706 0.058823529411764705 0.0 0.0 0.029411764705882353 0.029411764705882353 0.0 0.029411764705882353 0.0 0.0 0.0 0.029411764705882353 0.029411764705882353 
Cluster Coefficient of each node:
1 ----> 0.15
2 ----> 0.3333333333333333
3 ----> 0.24444444444444444
4 ----> 0.6666666666666666
5 ----> 0.6666666666666666
6 ----> 0.5
7 ----> 0.5
8 ----> 1.0
9 ----> 0.5
10 ----> 0.0
11 ----> 0.6666666666666666
12 ----> 0
13 ----> 1.0
14 ----> 0.6
15 ----> 1.0
16 ----> 1.0
17 ----> 1.0
18 ----> 1.0
19 ----> 1.0
20 ----> 0.3333333333333333
21 ----> 1.0
22 ----> 1.0
23 ----> 1.0
24 ----> 0.4
25 ----> 0.3333333333333333
26 ----> 0.3333333333333333
27 ----> 1.0
28 ----> 0.16666666666666666
29 ----> 0.3333333333333333
30 ----> 0.6666666666666666
31 ----> 0.5
32 ----> 0.2
33 ----> 0.19696969696969696
34 ----> 0.11029411764705882
The Clustering Coefficient of the graph is: 0.5706384782076823
